1 42.0567 1.61185E+07 78.3483
2 42.561 1.74396E+07 76.8717
3 41.2739 1.61858E+07 77.8214
4 41.6278 1.63251E+07 78.3987
5 41.3854 1.67727E+07 78.1442
6 40.4741 1.51653E+07 79.2945
7 42.2499 1.55236E+07 78.4333
8 41.2435 1.62615E+07 78.6382
9 42.0599 1.36315E+07 79.9178
10 41.3927 1.75127E+07 77.9607
11 41.1368 1.397E+07 79.4076
12 42.0652 1.54707E+07 78.4158
13 41.6773 1.68859E+07 78.0058
14 43.0453 1.51035E+07 78.6344
15 41.7563 1.58104E+07 78.0461
16 41.2191 1.83032E+07 76.5907
17 42.1289 1.59507E+07 78.6933
18 42.3642 1.34177E+07 79.8284
19 42.7761 1.71432E+07 77.0892
20 42.1234 1.55962E+07 78.3137
21 41.2464 1.51161E+07 78.5161
22 42.4107 1.70002E+07 77.3792
23 40.4837 1.5581E+07 78.747
24 42.2365 1.29363E+07 79.4723
25 41.014 1.76972E+07 77.7864
26 42.1849 1.60407E+07 78.5657
27 42.2896 1.42498E+07 79.0637
28 41.6656 1.58506E+07 78.0535
29 41.9285 1.39248E+07 79.1641
30 41.5029 1.46049E+07 78.9618
31 41.6897 1.6222E+07 78.7238
32 39.7598 1.85871E+07 77.1738
33 41.2388 1.61677E+07 78.0901
34 40.4603 1.58636E+07 79.2235
35 41.4722 1.51187E+07 79.4296
36 41.5905 1.60723E+07 78.2773
37 42.6451 1.51427E+07 78.172
38 41.4061 1.49712E+07 78.6934
39 42.1184 1.45858E+07 78.9447
40 41.5384 1.57046E+07 78.5074
41 42.8549 1.45463E+07 78.1999
42 41.43 1.52949E+07 79.7169
43 41.9075 1.62326E+07 76.8578
44 41.9401 1.39881E+07 79.3416
45 41.5864 1.59152E+07 77.9983
46 41.2883 1.55846E+07 78.4722
47 42.3729 1.5444E+07 78.2764
48 41.1199 1.57309E+07 79.2153
49 41.8372 1.62406E+07 78.2353
50 40.8356 1.55973E+07 78.3807
1 42.0567 1.61185E+07 78.3483
2 42.561 1.74396E+07 76.8717
3 41.2739 1.61858E+07 77.8214
4 41.6278 1.63251E+07 78.3987
5 41.3854 1.67727E+07 78.1442
6 40.4741 1.51653E+07 79.2945
7 42.2499 1.55236E+07 78.4333
8 41.2435 1.62615E+07 78.6382
9 42.0599 1.36315E+07 79.9178
10 41.3927 1.75127E+07 77.9607
11 41.1368 1.397E+07 79.4076
12 42.0652 1.54707E+07 78.4158
13 41.6773 1.68859E+07 78.0058
14 43.0453 1.51035E+07 78.6344
15 41.7563 1.58104E+07 78.0461
16 41.2191 1.83032E+07 76.5907
17 42.1289 1.59507E+07 78.6933
18 42.3642 1.34177E+07 79.8284
19 42.7761 1.71432E+07 77.0892
20 42.1234 1.55962E+07 78.3137
21 41.2464 1.51161E+07 78.5161
22 42.4107 1.70002E+07 77.3792
23 40.4837 1.5581E+07 78.747
24 42.2365 1.29363E+07 79.4723
25 41.014 1.76972E+07 77.7864
26 42.1849 1.60407E+07 78.5657
27 42.2896 1.42498E+07 79.0637
28 41.6656 1.58506E+07 78.0535
29 41.9285 1.39248E+07 79.1641
30 41.5029 1.46049E+07 78.9618
31 41.6897 1.6222E+07 78.7238
32 39.7598 1.85871E+07 77.1738
33 41.2388 1.61677E+07 78.0901
34 40.4603 1.58636E+07 79.2235
35 41.4722 1.51187E+07 79.4296
36 41.5905 1.60723E+07 78.2773
37 42.6451 1.51427E+07 78.172
38 41.4061 1.49712E+07 78.6934
39 42.1184 1.45858E+07 78.9447
40 41.5384 1.57046E+07 78.5074
41 42.8549 1.45463E+07 78.1999
42 41.43 1.52949E+07 79.7169
43 41.9075 1.62326E+07 76.8578
44 41.9401 1.39881E+07 79.3416
45 41.5864 1.59152E+07 77.9983
46 41.2883 1.55846E+07 78.4722
47 42.3729 1.5444E+07 78.2764
48 41.1199 1.57309E+07 79.2153
49 41.8372 1.62406E+07 78.2353
50 40.8356 1.55973E+07 78.3807
1
2
3
4
5
6
7
8
9
10
11
12
13
14
15
16
17
18
19
20
21
22
23
24
25
26
27
28
29
30
31
32
33
34
35
36
37
38
39
40
41
42
43
44
45
46
47
48
49
50
1 42.0567 1.61185E+07 78.3483
2 42.561 1.74396E+07 76.8717
3 41.2739 1.61858E+07 77.8214
4 41.6278 1.63251E+07 78.3987
5 41.3854 1.67727E+07 78.1442
6 40.4741 1.51653E+07 79.2945
7 42.2499 1.55236E+07 78.4333
8 41.2435 1.62615E+07 78.6382
9 42.0599 1.36315E+07 79.9178
10 41.3927 1.75127E+07 77.9607
11 41.1368 1.397E+07 79.4076
12 42.0652 1.54707E+07 78.4158
13 41.6773 1.68859E+07 78.0058
14 43.0453 1.51035E+07 78.6344
15 41.7563 1.58104E+07 78.0461
16 41.2191 1.83032E+07 76.5907
17 42.1289 1.59507E+07 78.6933
18 42.3642 1.34177E+07 79.8284
19 42.7761 1.71432E+07 77.0892
20 42.1234 1.55962E+07 78.3137
21 41.2464 1.51161E+07 78.5161
22 42.4107 1.70002E+07 77.3792
23 40.4837 1.5581E+07 78.747
24 42.2365 1.29363E+07 79.4723
25 41.014 1.76972E+07 77.7864
26 42.1849 1.60407E+07 78.5657
27 42.2896 1.42498E+07 79.0637
28 41.6656 1.58506E+07 78.0535
29 41.9285 1.39248E+07 79.1641
30 41.5029 1.46049E+07 78.9618
31 41.6897 1.6222E+07 78.7238
32 39.7598 1.85871E+07 77.1738
33 41.2388 1.61677E+07 78.0901
34 40.4603 1.58636E+07 79.2235
35 41.4722 1.51187E+07 79.4296
36 41.5905 1.60723E+07 78.2773
37 42.6451 1.51427E+07 78.172
38 41.4061 1.49712E+07 78.6934
39 42.1184 1.45858E+07 78.9447
40 41.5384 1.57046E+07 78.5074
41 42.8549 1.45463E+07 78.1999
42 41.43 1.52949E+07 79.7169
43 41.9075 1.62326E+07 76.8578
44 41.9401 1.39881E+07 79.3416
45 41.5864 1.59152E+07 77.9983
46 41.2883 1.55846E+07 78.4722
47 42.3729 1.5444E+07 78.2764
48 41.1199 1.57309E+07 79.2153
49 41.8372 1.62406E+07 78.2353
50 40.8356 1.55973E+07 78.3807
1 42.0567 1.61185E+07 78.3483
2 42.561 1.74396E+07 76.8717
3 41.2739 1.61858E+07 77.8214
4 41.6278 1.63251E+07 78.3987
5 41.3854 1.67727E+07 78.1442
6 40.4741 1.51653E+07 79.2945
7 42.2499 1.55236E+07 78.4333
8 41.2435 1.62615E+07 78.6382
9 42.0599 1.36315E+07 79.9178
10 41.3927 1.75127E+07 77.9607
11 41.1368 1.397E+07 79.4076
12 42.0652 1.54707E+07 78.4158
13 41.6773 1.68859E+07 78.0058
14 43.0453 1.51035E+07 78.6344
15 41.7563 1.58104E+07 78.0461
16 41.2191 1.83032E+07 76.5907
17 42.1289 1.59507E+07 78.6933
18 42.3642 1.34177E+07 79.8284
19 42.7761 1.71432E+07 77.0892
20 42.1234 1.55962E+07 78.3137
21 41.2464 1.51161E+07 78.5161
22 42.4107 1.70002E+07 77.3792
23 40.4837 1.5581E+07 78.747
24 42.2365 1.29363E+07 79.4723
25 41.014 1.76972E+07 77.7864
26 42.1849 1.60407E+07 78.5657
27 42.2896 1.42498E+07 79.0637
28 41.6656 1.58506E+07 78.0535
29 41.9285 1.39248E+07 79.1641
30 41.5029 1.46049E+07 78.9618
31 41.6897 1.6222E+07 78.7238
32 39.7598 1.85871E+07 77.1738
33 41.2388 1.61677E+07 78.0901
34 40.4603 1.58636E+07 79.2235
35 41.4722 1.51187E+07 79.4296
36 41.5905 1.60723E+07 78.2773
37 42.6451 1.51427E+07 78.172
38 41.4061 1.49712E+07 78.6934
39 42.1184 1.45858E+07 78.9447
40 41.5384 1.57046E+07 78.5074
41 42.8549 1.45463E+07 78.1999
42 41.43 1.52949E+07 79.7169
43 41.9075 1.62326E+07 76.8578
44 41.9401 1.39881E+07 79.3416
45 41.5864 1.59152E+07 77.9983
46 41.2883 1.55846E+07 78.4722
47 42.3729 1.5444E+07 78.2764
48 41.1199 1.57309E+07 79.2153
49 41.8372 1.62406E+07 78.2353
50 40.8356 1.55973E+07 78.3807
1 42.0567 1.61185E+07 78.3483
2 42.561 1.74396E+07 76.8717
3 41.2739 1.61858E+07 77.8214
4 41.6278 1.63251E+07 78.3987
5 41.3854 1.67727E+07 78.1442
6 40.4741 1.51653E+07 79.2945
7 42.2499 1.55236E+07 78.4333
8 41.2435 1.62615E+07 78.6382
9 42.0599 1.36315E+07 79.9178
10 41.3927 1.75127E+07 77.9607
11 41.1368 1.397E+07 79.4076
12 42.0652 1.54707E+07 78.4158
13 41.6773 1.68859E+07 78.0058
14 43.0453 1.51035E+07 78.6344
15 41.7563 1.58104E+07 78.0461
16 41.2191 1.83032E+07 76.5907
17 42.1289 1.59507E+07 78.6933
18 42.3642 1.34177E+07 79.8284
19 42.7761 1.71432E+07 77.0892
20 42.1234 1.55962E+07 78.3137
21 41.2464 1.51161E+07 78.5161
22 42.4107 1.70002E+07 77.3792
23 40.4837 1.5581E+07 78.747
24 42.2365 1.29363E+07 79.4723
25 41.014 1.76972E+07 77.7864
26 42.1849 1.60407E+07 78.5657
27 42.2896 1.42498E+07 79.0637
28 41.6656 1.58506E+07 78.0535
29 41.9285 1.39248E+07 79.1641
30 41.5029 1.46049E+07 78.9618
31 41.6897 1.6222E+07 78.7238
32 39.7598 1.85871E+07 77.1738
33 41.2388 1.61677E+07 78.0901
34 40.4603 1.58636E+07 79.2235
35 41.4722 1.51187E+07 79.4296
36 41.5905 1.60723E+07 78.2773
37 42.6451 1.51427E+07 78.172
38 41.4061 1.49712E+07 78.6934
39 42.1184 1.45858E+07 78.9447
40 41.5384 1.57046E+07 78.5074
41 42.8549 1.45463E+07 78.1999
42 41.43 1.52949E+07 79.7169
43 41.9075 1.62326E+07 76.8578
44 41.9401 1.39881E+07 79.3416
45 41.5864 1.59152E+07 77.9983
46 41.2883 1.55846E+07 78.4722
47 42.3729 1.5444E+07 78.2764
48 41.1199 1.57309E+07 79.2153
49 41.8372 1.62406E+07 78.2353
50 40.8356 1.55973E+07 78.3807
1 42.0567 1.61185E+07 78.3483
2 42.561 1.74396E+07 76.8717
3 41.2739 1.61858E+07 77.8214
4 41.6278 1.63251E+07 78.3987
5 41.3854 1.67727E+07 78.1442
6 40.4741 1.51653E+07 79.2945
7 42.2499 1.55236E+07 78.4333
8 41.2435 1.62615E+07 78.6382
9 42.0599 1.36315E+07 79.9178
10 41.3927 1.75127E+07 77.9607
11 41.1368 1.397E+07 79.4076
12 42.0652 1.54707E+07 78.4158
13 41.6773 1.68859E+07 78.0058
14 43.0453 1.51035E+07 78.6344
15 41.7563 1.58104E+07 78.0461
16 41.2191 1.83032E+07 76.5907
17 42.1289 1.59507E+07 78.6933
18 42.3642 1.34177E+07 79.8284
19 42.7761 1.71432E+07 77.0892
20 42.1234 1.55962E+07 78.3137
21 41.2464 1.51161E+07 78.5161
22 42.4107 1.70002E+07 77.3792
23 40.4837 1.5581E+07 78.747
24 42.2365 1.29363E+07 79.4723
25 41.014 1.76972E+07 77.7864
26 42.1849 1.60407E+07 78.5657
27 42.2896 1.42498E+07 79.0637
28 41.6656 1.58506E+07 78.0535
29 41.9285 1.39248E+07 79.1641
30 41.5029 1.46049E+07 78.9618
31 41.6897 1.6222E+07 78.7238
32 39.7598 1.85871E+07 77.1738
33 41.2388 1.61677E+07 78.0901
34 40.4603 1.58636E+07 79.2235
35 41.4722 1.51187E+07 79.4296
36 41.5905 1.60723E+07 78.2773
37 42.6451 1.51427E+07 78.172
38 41.4061 1.49712E+07 78.6934
39 42.1184 1.45858E+07 78.9447
40 41.5384 1.57046E+07 78.5074
41 42.8549 1.45463E+07 78.1999
42 41.43 1.52949E+07 79.7169
43 41.9075 1.62326E+07 76.8578
44 41.9401 1.39881E+07 79.3416
45 41.5864 1.59152E+07 77.9983
46 41.2883 1.55846E+07 78.4722
47 42.3729 1.5444E+07 78.2764
48 41.1199 1.57309E+07 79.2153
49 41.8372 1.62406E+07 78.2353
50 40.8356 1.55973E+07 78.3807
1 42.0567 1.61185E+07 78.3483
2 42.561 1.74396E+07 76.8717
3 41.2739 1.61858E+07 77.8214
4 41.6278 1.63251E+07 78.3987
5 41.3854 1.67727E+07 78.1442
6 40.4741 1.51653E+07 79.2945
7 42.2499 1.55236E+07 78.4333
8 41.2435 1.62615E+07 78.6382
9 42.0599 1.36315E+07 79.9178
10 41.3927 1.75127E+07 77.9607
11 41.1368 1.397E+07 79.4076
12 42.0652 1.54707E+07 78.4158
13 41.6773 1.68859E+07 78.0058
14 43.0453 1.51035E+07 78.6344
15 41.7563 1.58104E+07 78.0461
16 41.2191 1.83032E+07 76.5907
17 42.1289 1.59507E+07 78.6933
18 42.3642 1.34177E+07 79.8284
19 42.7761 1.71432E+07 77.0892
20 42.1234 1.55962E+07 78.3137
21 41.2464 1.51161E+07 78.5161
22 42.4107 1.70002E+07 77.3792
23 40.4837 1.5581E+07 78.747
24 42.2365 1.29363E+07 79.4723
25 41.014 1.76972E+07 77.7864
26 42.1849 1.60407E+07 78.5657
27 42.2896 1.42498E+07 79.0637
28 41.6656 1.58506E+07 78.0535
29 41.9285 1.39248E+07 79.1641
30 41.5029 1.46049E+07 78.9618
31 41.6897 1.6222E+07 78.7238
32 39.7598 1.85871E+07 77.1738
33 41.2388 1.61677E+07 78.0901
34 40.4603 1.58636E+07 79.2235
35 41.4722 1.51187E+07 79.4296
36 41.5905 1.60723E+07 78.2773
37 42.6451 1.51427E+07 78.172
38 41.4061 1.49712E+07 78.6934
39 42.1184 1.45858E+07 78.9447
40 41.5384 1.57046E+07 78.5074
41 42.8549 1.45463E+07 78.1999
42 41.43 1.52949E+07 79.7169
43 41.9075 1.62326E+07 76.8578
44 41.9401 1.39881E+07 79.3416
45 41.5864 1.59152E+07 77.9983
46 41.2883 1.55846E+07 78.4722
47 42.3729 1.5444E+07 78.2764
48 41.1199 1.57309E+07 79.2153
49 41.8372 1.62406E+07 78.2353
50 40.8356 1.55973E+07 78.3807
1 42.0567 1.61185E+07 78.3483
2 42.561 1.74396E+07 76.8717
3 41.2739 1.61858E+07 77.8214
4 41.6278 1.63251E+07 78.3987
5 41.3854 1.67727E+07 78.1442
6 40.4741 1.51653E+07 79.2945
7 42.2499 1.55236E+07 78.4333
8 41.2435 1.62615E+07 78.6382
9 42.0599 1.36315E+07 79.9178
10 41.3927 1.75127E+07 77.9607
11 41.1368 1.397E+07 79.4076
12 42.0652 1.54707E+07 78.4158
13 41.6773 1.68859E+07 78.0058
14 43.0453 1.51035E+07 78.6344
15 41.7563 1.58104E+07 78.0461
16 41.2191 1.83032E+07 76.5907
17 42.1289 1.59507E+07 78.6933
18 42.3642 1.34177E+07 79.8284
19 42.7761 1.71432E+07 77.0892
20 42.1234 1.55962E+07 78.3137
21 41.2464 1.51161E+07 78.5161
22 42.4107 1.70002E+07 77.3792
23 40.4837 1.5581E+07 78.747
24 42.2365 1.29363E+07 79.4723
25 41.014 1.76972E+07 77.7864
26 42.1849 1.60407E+07 78.5657
27 42.2896 1.42498E+07 79.0637
28 41.6656 1.58506E+07 78.0535
29 41.9285 1.39248E+07 79.1641
30 41.5029 1.46049E+07 78.9618
31 41.6897 1.6222E+07 78.7238
32 39.7598 1.85871E+07 77.1738
33 41.2388 1.61677E+07 78.0901
34 40.4603 1.58636E+07 79.2235
35 41.4722 1.51187E+07 79.4296
36 41.5905 1.60723E+07 78.2773
37 42.6451 1.51427E+07 78.172
38 41.4061 1.49712E+07 78.6934
39 42.1184 1.45858E+07 78.9447
40 41.5384 1.57046E+07 78.5074
41 42.8549 1.45463E+07 78.1999
42 41.43 1.52949E+07 79.7169
43 41.9075 1.62326E+07 76.8578
44 41.9401 1.39881E+07 79.3416
45 41.5864 1.59152E+07 77.9983
46 41.2883 1.55846E+07 78.4722
47 42.3729 1.5444E+07 78.2764
48 41.1199 1.57309E+07 79.2153
49 41.8372 1.62406E+07 78.2353
50 40.8356 1.55973E+07 78.3807
